6
2131
2946
1497
13023
2984
11632
3540
8718
9898
5684
11264
13880
12807
8643
59750
15213
15291
19914
17184
19849
25228
20580
24272
25373
29464
32871
31077
35157
36009
35808
42111
36493
36534
39954
38522
40925
39812
40615
40945
40938
40878
44251
46134
45817
47485
48660
49217
48753
40519
50650
55556
51282
52767
58352
56152
60722
59768
59498
61859
61317
62917
63724
63870
65138
64131
65210
64486
65010
66036
65786
67557
67635
67203
76114
68696
70783
72149
71616
72161
79623
75251
77185
77722
78892
79127
80686
84882
80009
70977
86043
71214
87331
86456
87555
85265
91686
70145
97818
91798
